                              epa  game_id  temp
posteam game_id                                 
ARI     2009_02_ARI_JAX  0.194559       68  83.0
        2013_04_ARI_TB  -0.215573       63  84.0
        2013_11_ARI_JAX  0.188718       67  76.0
        2016_08_ARI_CAR -0.136325       72  85.0
        2016_14_ARI_MIA -0.151986       71  77.0
        2017_05_ARI_PHI -0.125895       62  77.0
        2018_02_ARI_LA  -0.420136       48  86.0
        2018_05_ARI_SF  -0.071540       48  79.0
        2019_02_ARI_BAL  0.097138       60  82.0
        2019_05_ARI_CIN  0.202993       77  76.0
        2019_10_ARI_TB   0.046613       70  77.0
ATL     2008_02_ATL_TB  -0.214196       73  89.0
        2008_04_ATL_CAR -0.129187       76  78.0
        2011_01_ATL_CHI -0.269738       73  76.0
        2011_03_ATL_TB  -0.080133       71  89.0
        2012_03_ATL_SD   0.203287       73  82.0
        2013_03_ATL_MIA  0.148801       73  89.0
        2013_11_ATL_TB   0.065028       75  79.0
        2014_04_ATL_MIN  0.159085       66  82.0
        2015_13_ATL_TB  -0.000272       67  79.0
        2016_02_ATL_OAK  0.348809       68  79.0
        2016_09_ATL_TB   0.321598       72  76.0
        2018_01_ATL_PHI -0.204814       73  81.0
        2018_05_ATL_PIT -0.083352       74  83.0
        2018_17_ATL_TB   0.167671       77  80.0
        2019_17_ATL_TB  -0.124893       90  78.0
BAL     2008_01_CIN_BAL -0.146083       83  78.0
        2008_03_CLE_BAL -0.008091       67  77.0
        2008_07_BAL_MIA  0.174238       70  80.0
        2009_01_KC_BAL   0.165337       94  76.0
        2009_02_BAL_SD   0.147878       67  83.0
        2010_02_BAL_CIN -0.254877       67  78.0
        2011_02_BAL_TEN -0.213943       56  76.0
        2012_04_CLE_BAL -0.000914       87  77.0
        2013_01_BAL_DEN -0.021219       91  83.0
        2013_05_BAL_MIA  0.027418       77  87.0
        2014_02_PIT_BAL  0.126561       69  82.0
        2014_04_CAR_BAL  0.478000       63  78.0
        2014_06_BAL_TB   0.363667       64  84.0
        2014_14_BAL_MIA  0.325351       62  76.0
        2015_01_BAL_DEN -0.357809       58  88.0
        2015_02_BAL_OAK  0.220242       84  80.0
        2015_13_BAL_MIA -0.170005       79  80.0
        2016_01_BUF_BAL -0.129267       71  84.0
        2016_03_BAL_JAX -0.146615       70  88.0
        2017_02_CLE_BAL -0.007514       69  80.0
        2018_02_BAL_CIN -0.085405       86  82.0
        2019_01_BAL_MIA  0.625543       76  91.0
        2019_02_ARI_BAL  0.072922       78  82.0
        2019_04_CLE_BAL  0.008013       68  83.0
BUF     2008_02_BUF_JAX  0.093565       60  87.0
        2008_08_BUF_MIA -0.052554       72  78.0
        2009_04_BUF_MIA -0.302250       53  88.0
        2011_03_NE_BUF   0.127357       65  78.0
        2011_11_BUF_MIA -0.286865       65  80.0
        2013_07_BUF_MIA -0.067902       67  87.0
        2013_14_BUF_TB  -0.377285       70  82.0
        2015_03_BUF_MIA  0.340721       65  87.0
        2016_01_BUF_BAL -0.213195       52  84.0
        2016_05_BUF_LA   0.115320       56  91.0
        2016_07_BUF_MIA  0.073567       61  81.0
        2017_02_BUF_CAR -0.261216       54  83.0
        2017_03_DEN_BUF -0.072751       63  83.0
        2017_11_BUF_LAC -0.221501       66  76.0
        2018_02_LAC_BUF -0.081276       65  83.0
        2018_13_BUF_MIA  0.048640       76  86.0
        2019_01_BUF_NYJ -0.093719       68  77.0
        2019_02_BUF_NYG  0.158993       75  79.0
        2019_03_CIN_BUF -0.037910       76  83.0
        2019_05_BUF_TEN -0.102501       64  77.0
CAR     2008_01_CAR_SD   0.023802       78  81.0
        2008_02_CHI_CAR -0.309967       68  88.0
        2008_04_ATL_CAR  0.191080       65  78.0
        2008_05_KC_CAR   0.054970       77  80.0
        2008_06_CAR_TB  -0.261253       62  84.0
        2009_01_PHI_CAR -0.513720       80  82.0
        2010_02_TB_CAR  -0.212883       66  89.0
        2010_05_CHI_CAR -0.500390       70  81.0
        2011_13_CAR_TB   0.395335       66  79.0
        2012_01_CAR_TB  -0.111160       52  83.0
        2013_01_SEA_CAR  0.018977       53  87.0
        2013_12_CAR_MIA -0.032125       72  82.0
        2014_01_CAR_TB   0.046021       70  88.0
        2014_03_PIT_CAR  0.053760       61  79.0
        2014_04_CAR_BAL  0.011619       69  78.0
        2014_08_SEA_CAR -0.196624       61  77.0
        2015_01_CAR_JAX -0.089849       69  77.0
        2015_02_HOU_CAR -0.028632       77  88.0
        2016_01_CAR_DEN  0.042066       72  85.0
        2016_02_SF_CAR   0.078374       85  82.0
        2016_03_MIN_CAR -0.268067       81  80.0
        2016_08_ARI_CAR -0.056412       68  85.0
        2016_17_CAR_TB  -0.146662       70  81.0
        2017_01_CAR_SF  -0.014255       64  87.0
        2017_02_BUF_CAR -0.126836       70  83.0
        2017_03_NO_CAR  -0.193660       60  82.0
        2018_01_DAL_CAR -0.074903       68  81.0
        2018_03_CIN_CAR  0.139103       66  80.0
        2018_05_NYG_CAR -0.028260       73  80.0
        2018_13_CAR_TB  -0.057333       70  81.0
        2019_01_LA_CAR  -0.154580       66  87.0
        2019_02_TB_CAR  -0.266475       79  85.0
CHI     2008_02_CHI_CAR -0.203529       69  88.0
        2008_03_TB_CHI  -0.104341       79  76.0
        2009_01_CHI_GB  -0.235209       75  76.0
        2010_05_CHI_CAR -0.242885       71  81.0
        2011_01_ATL_CHI -0.055167       68  76.0
        2012_05_CHI_JAX  0.263047       79  88.0
        2014_02_CHI_SF   0.085485       62  78.0
        2015_16_CHI_TB   0.069386       72  83.0
        2016_02_PHI_CHI -0.328469       53  84.0
        2016_10_CHI_TB  -0.433626       58  81.0
        2017_02_CHI_TB  -0.262121       66  88.0
        2017_03_PIT_CHI -0.134105       68  89.0
        2018_02_SEA_CHI -0.076301       66  79.0
        2018_06_CHI_MIA  0.123557       70  89.0
        2019_02_CHI_DEN  0.031549       61  87.0
        2019_03_CHI_WAS  0.107725       66  87.0
        2019_11_CHI_LA  -0.173630       77  79.0
CIN     2008_01_CIN_BAL -0.440135       59  78.0
        2008_02_TEN_CIN -0.250638       63  88.0
        2008_03_CIN_NYG  0.085941       85  76.0
        2008_05_CIN_DAL -0.100895       73  87.0
        2010_02_BAL_CIN -0.163761       77  78.0
        2010_05_TB_CIN  -0.106477       78  81.0
        2011_05_CIN_JAX -0.112202       69  79.0
        2012_02_CLE_CIN  0.199105       68  76.0
        2012_04_CIN_JAX  0.220296       64  86.0
        2013_09_CIN_MIA -0.027020       91  79.0
        2013_13_CIN_SD   0.022108       62  77.0
        2014_13_CIN_TB  -0.144381       63  77.0
        2016_01_CIN_NYJ  0.137265       58  79.0
        2016_03_DEN_CIN -0.037306       67  81.0
        2017_03_CIN_GB   0.075575       60  89.0
        2017_07_CIN_PIT -0.198383       50  79.0
        2017_09_CIN_JAX -0.203365       37  78.0
        2018_02_BAL_CIN  0.107797       78  82.0
        2018_03_CIN_CAR  0.052466       64  80.0
        2018_05_MIA_CIN  0.008296       62  87.0
        2019_02_SF_CIN  -0.079088       70  81.0
        2019_03_CIN_BUF -0.162050       60  83.0
        2019_04_CIN_PIT -0.310664       71  76.0
        2019_05_ARI_CIN  0.079407       67  76.0
        2019_11_CIN_OAK -0.189283       63  76.0
        2019_16_CIN_MIA  0.071999       96  76.0
CLE     2008_02_PIT_CLE -0.144926       68  80.0
        2008_03_CLE_BAL -0.384206       65  77.0
        2009_02_CLE_DEN -0.343483       56  82.0
        2010_01_CLE_TB  -0.192048       66  87.0
        2010_11_CLE_JAX -0.078896       64  76.0
        2010_13_CLE_MIA -0.086407       61  76.0
        2012_02_CLE_CIN  0.178457       67  76.0
        2012_04_CLE_BAL -0.160213       70  77.0
        2014_07_CLE_JAX -0.446015       77  76.0
        2015_01_CLE_NYJ -0.236088       71  77.0
        2016_01_CLE_PHI -0.300530       53  85.0
        2016_03_CLE_MIA  0.021372       86  86.0
        2017_02_CLE_BAL -0.203594       78  80.0
        2018_03_NYJ_CLE -0.051489       73  83.0
        2018_07_CLE_TB  -0.148920       69  79.0
        2019_03_LA_CLE  -0.157439       72  83.0
        2019_04_CLE_BAL  0.338323       67  83.0
        2019_05_CLE_SF  -0.513244       49  87.0
DAL     2008_02_PHI_DAL  0.107523       61  76.0
        2008_04_WAS_DAL  0.074287       64  85.0
        2008_05_CIN_DAL  0.103693       64  87.0
        2009_01_DAL_TB   0.354295       56  85.0
        2012_01_DAL_NYG  0.127659       65  77.0
        2013_04_DAL_SD   0.036181       60  80.0
        2015_02_DAL_PHI -0.110486       83  77.0
        2015_10_DAL_TB  -0.126043       54  79.0
        2016_02_DAL_WAS  0.179229       70  81.0
        2018_01_DAL_CAR -0.144932       65  81.0
        2019_02_DAL_WAS  0.270867       69  80.0
DEN     2008_09_MIA_DEN -0.206444       65  77.0
        2009_02_CLE_DEN  0.175036       82  82.0
        2009_03_DEN_OAK  0.084749       75  81.0
        2010_01_DEN_JAX  0.035400       70  90.0
        2010_02_SEA_DEN  0.222541       81  91.0
        2010_03_IND_DEN -0.045463       84  85.0
        2011_07_DEN_MIA -0.087215       78  77.0
        2011_12_DEN_SD  -0.033687       74  84.0
        2012_01_PIT_DEN  0.221970       56  85.0
        2012_03_HOU_DEN -0.004778       81  84.0
        2012_06_DEN_SD   0.084852       57  78.0
        2013_01_BAL_DEN  0.287731       72  83.0
        2013_04_PHI_DEN  0.377027       75  76.0
        2013_10_DEN_SD   0.214925       61  78.0
        2014_02_KC_DEN   0.258702       50  85.0
        2015_01_BAL_DEN -0.223452       76  88.0
        2015_02_DEN_KC  -0.144402       73  87.0
        2015_13_DEN_SD  -0.038935       68  78.0
        2016_01_CAR_DEN -0.037695       57  85.0
        2016_02_IND_DEN  0.080593       72  85.0
        2016_03_DEN_CIN  0.135286       68  81.0
        2016_04_DEN_TB   0.076900       69  88.0
        2016_08_SD_DEN  -0.248123       65  76.0
        2017_03_DEN_BUF -0.093802       76  83.0
        2017_07_DEN_LAC -0.354007       66  90.0
        2017_13_DEN_MIA -0.475091       74  80.0
        2018_01_SEA_DEN -0.091526       76  84.0
        2018_02_OAK_DEN  0.065591       66  92.0
        2018_05_DEN_NYJ -0.067446       77  77.0
        2019_02_CHI_DEN  0.018126       82  87.0
        2019_04_JAX_DEN  0.056603       55  87.0
        2019_05_DEN_LAC -0.047165       60  85.0
DET     2011_01_DET_TB   0.111276       75  86.0
        2012_09_DET_JAX  0.389090       70  81.0
        2014_04_DET_NYJ  0.116111       63  80.0
        2015_01_DET_SD  -0.006319       48  84.0
        2018_07_DET_MIA  0.364243       62  89.0
        2019_03_DET_PHI -0.047708       63  84.0
GB      2008_04_GB_TB   -0.401729       59  81.0
        2009_01_CHI_GB  -0.126676       59  76.0
        2009_09_GB_TB   -0.021969       78  82.0
        2014_06_GB_MIA   0.142892       79  86.0
        2016_01_GB_JAX   0.181756       65  90.0
        2017_03_CIN_GB  -0.024219       71  89.0
        2018_02_MIN_GB   0.001302       78  80.0
        2018_08_GB_LA    0.149345       52  82.0
HOU     2008_03_HOU_TEN -0.263223       76  80.0
        2008_04_HOU_JAX  0.333047       66  82.0
        2009_02_HOU_TEN  0.199105       74  77.0
        2010_02_HOU_WAS  0.205937       90  85.0
        2011_02_HOU_MIA  0.051677       68  87.0
        2011_10_HOU_TB   0.240895       66  77.0
        2012_02_HOU_JAX  0.183260       86  83.0
        2012_03_HOU_DEN  0.194794       71  84.0
        2013_05_HOU_SF  -0.283654       77  76.0
        2015_02_HOU_CAR -0.084824       88  88.0
        2015_07_HOU_MIA -0.070724       84  84.0
        2017_03_HOU_NE   0.106322       73  84.0
        2018_02_HOU_TEN  0.061011       69  81.0
        2019_03_HOU_LAC  0.210899       58  87.0
IND     2009_02_IND_MIA  0.472410       39  84.0
        2010_03_IND_DEN  0.165025       71  85.0
        2010_04_IND_JAX  0.152102       70  80.0
        2011_04_IND_TB   0.058165       58  80.0
        2013_04_IND_JAX  0.208395       77  80.0
        2014_03_IND_JAX  0.321095       76  85.0
        2015_14_IND_JAX -0.379546       75  79.0
        2015_16_IND_MIA  0.096086       62  82.0
        2016_02_IND_DEN -0.163986       74  85.0
        2017_01_IND_LA  -0.575901       50  90.0
        2018_13_IND_JAX -0.293033       77  78.0
        2019_01_IND_LAC  0.264684       63  77.0
        2019_02_IND_TEN  0.014875       70  93.0
        2019_14_IND_TB   0.041761       63  78.0
JAX     2008_01_JAX_TEN -0.277648       61  78.0
        2008_02_BUF_JAX -0.074892       62  87.0
        2008_04_HOU_JAX  0.242767       61  82.0
        2009_02_ARI_JAX -0.202323       77  83.0
        2009_04_TEN_JAX  0.180468       75  79.0
        2010_01_DEN_JAX  0.148323       58  90.0
        2010_02_JAX_SD  -0.214925       74  76.0
        2010_03_PHI_JAX -0.293393       72  89.0
        2010_04_IND_JAX  0.216165       67  80.0
        2010_11_CLE_JAX -0.151818       71  76.0
        2011_01_TEN_JAX -0.028187       76  87.0
        2011_05_CIN_JAX -0.273429       57  79.0
        2012_02_HOU_JAX -0.417636       47  83.0
        2012_04_CIN_JAX -0.160238       60  86.0
        2012_05_CHI_JAX -0.486857       59  88.0
        2012_09_DET_JAX  0.012102       63  81.0
        2012_15_JAX_MIA -0.158956       63  80.0
        2013_01_KC_JAX  -0.500581       75  85.0
        2013_02_JAX_OAK -0.136000       70  76.0
        2013_04_IND_JAX -0.466096       58  80.0
        2013_11_ARI_JAX -0.225365       65  76.0
        2013_16_TEN_JAX -0.051408       60  79.0
        2014_03_IND_JAX -0.173273       61  85.0
        2014_07_CLE_JAX -0.243102       73  76.0
        2014_08_MIA_JAX -0.229501       74  76.0
        2015_01_CAR_JAX -0.308424       66  77.0
        2015_02_MIA_JAX  0.071887       72  87.0
        2015_05_JAX_TB   0.071096       60  84.0
        2015_14_IND_JAX -0.003858       67  79.0
        2016_01_GB_JAX   0.020098       73  90.0
        2016_02_JAX_SD  -0.122215       68  82.0
        2016_03_BAL_JAX -0.226830       66  88.0
        2017_02_TEN_JAX -0.197575       67  84.0
        2017_06_LA_JAX  -0.087448       72  88.0
        2017_09_CIN_JAX  0.109898       82  78.0
        2017_10_LAC_JAX -0.119873       88  76.0
        2018_02_NE_JAX   0.103983       72  97.0
        2018_03_TEN_JAX -0.204838       60  89.0
        2018_04_NYJ_JAX  0.005435       78  86.0
        2018_13_IND_JAX -0.252016       59  78.0
        2019_01_KC_JAX   0.110178       57  91.0
        2019_04_JAX_DEN  0.082704       86  87.0
        2019_06_NO_JAX  -0.229412       56  81.0
KC      2008_05_KC_CAR  -0.566413       56  80.0
        2009_01_KC_BAL  -0.151442       50  76.0
        2010_01_SD_KC   -0.213628       49  78.0
        2010_14_KC_SD   -0.432958       44  86.0
        2011_07_KC_OAK   0.066468       73  79.0
        2012_06_KC_TB   -0.324423       72  85.0
        2013_01_KC_JAX  -0.029690       63  85.0
        2014_02_KC_DEN   0.147263       86  85.0
        2014_03_KC_MIA   0.082110       72  88.0
        2014_04_NE_KC    0.208802       65  82.0
        2014_05_KC_SF    0.136485       52  85.0
        2015_02_DEN_KC  -0.251026       64  87.0
        2015_11_KC_SD    0.180517       63  87.0
        2017_03_KC_LAC   0.045531       58  84.0
        2017_04_WAS_KC   0.183743       78  82.0
        2018_01_KC_LAC   0.204395       58  84.0
        2018_02_KC_PIT   0.381365       61  80.0
        2019_01_KC_JAX   0.380401       65  91.0
LA      2008_01_STL_PHI -0.219101       56  80.0
        2010_07_STL_TB   0.055349       64  84.0
        2012_06_STL_MIA  0.172682       75  84.0
        2014_02_STL_TB   0.130149       62  88.0
        2016_02_SEA_LA  -0.046819       63  88.0
        2016_03_LA_TB   -0.010994       66  91.0
        2016_05_BUF_LA  -0.199894       71  91.0
        2017_01_IND_LA   0.046724       66  90.0
        2017_05_SEA_LA  -0.163774       76  78.0
        2017_06_LA_JAX  -0.191758       58  88.0
        2017_14_PHI_LA   0.010030       48  83.0
        2018_02_ARI_LA   0.166951       74  86.0
        2018_03_LAC_LA   0.261387       76  80.0
        2018_08_GB_LA    0.094358       79  82.0
        2019_01_LA_CAR   0.031986       75  87.0
        2019_02_NO_LA    0.094401       67  85.0
        2019_03_LA_CLE   0.012549       65  83.0
        2019_06_SF_LA   -0.571669       54  77.0
        2019_11_CHI_LA  -0.151309       53  79.0
LAC     2008_01_CAR_SD   0.025663       60  81.0
        2008_04_SD_OAK   0.016829       68  78.0
        2008_05_SD_MIA  -0.130683       54  86.0
        2009_02_BAL_SD   0.030708       78  83.0
        2009_03_MIA_SD  -0.015294       72  80.0
        2009_08_OAK_SD   0.099058       62  78.0
        2010_01_SD_KC   -0.062387       79  78.0
        2010_02_JAX_SD   0.235614       64  76.0
        2010_14_KC_SD    0.190392       75  86.0
        2011_04_MIA_SD   0.126435       66  84.0
        2011_12_DEN_SD  -0.056371       79  84.0
        2012_02_TEN_SD   0.253291       81  85.0
        2012_03_ATL_SD  -0.213886       58  82.0
        2012_06_DEN_SD  -0.362496       80  78.0
        2012_10_SD_TB    0.104683       67  80.0
        2013_04_DAL_SD   0.128316       74  80.0
        2013_10_DEN_SD   0.050812       76  78.0
        2013_11_SD_MIA   0.064615       64  81.0
        2013_13_CIN_SD  -0.047462       67  77.0
        2014_02_SEA_SD   0.111475       82  94.0
        2014_05_NYJ_SD   0.149350       75  91.0
        2014_06_SD_OAK   0.234826       74  77.0
        2015_01_DET_SD   0.083573       76  84.0
        2015_05_PIT_SD  -0.093853       76  93.0
        2015_07_OAK_SD   0.035201       91  77.0
        2015_11_KC_SD   -0.354138       60  87.0
        2015_13_DEN_SD  -0.384461       68  78.0
        2016_02_JAX_SD   0.161069       71  82.0
        2016_08_SD_DEN  -0.247624       85  76.0
        2016_09_TEN_SD   0.161611       81  76.0
        2016_10_MIA_SD  -0.064081       82  85.0
        2017_03_KC_LAC  -0.132362       78  84.0
        2017_05_LAC_NYG  0.023630       80  76.0
        2017_06_LAC_OAK  0.050481       64  76.0
        2017_07_DEN_LAC -0.134044       62  90.0
        2017_10_LAC_JAX -0.116326       69  76.0
        2017_11_BUF_LAC  0.240468       70  76.0
        2017_14_WAS_LAC -0.022434       73  81.0
        2018_01_KC_LAC   0.232644       82  84.0
        2018_02_LAC_BUF  0.168172       59  83.0
        2018_03_LAC_LA   0.136818       52  80.0
        2018_04_SF_LAC   0.008261       65  78.0
        2019_01_IND_LAC  0.235958       65  77.0
        2019_03_HOU_LAC  0.007013       75  87.0
        2019_04_LAC_MIA  0.244017       65  88.0
        2019_05_DEN_LAC -0.239096       69  85.0
        2019_07_LAC_TEN  0.074726       65  77.0
LV      2008_04_SD_OAK  -0.261727       76  78.0
        2008_17_OAK_TB   0.082403       68  77.0
        2009_03_DEN_OAK -0.443249       52  81.0
        2009_08_OAK_SD  -0.144489       63  78.0
        2010_01_OAK_TEN -0.153497       78  77.0
        2011_07_KC_OAK  -0.461243       72  79.0
        2011_13_OAK_MIA -0.096555       63  80.0
        2012_02_OAK_MIA -0.033741       65  80.0
        2013_02_JAX_OAK -0.015135       64  76.0
        2013_04_WAS_OAK -0.345153       67  77.0
        2014_01_OAK_NYJ -0.132430       55  76.0
        2014_03_OAK_NE  -0.074726       60  78.0
        2014_06_SD_OAK   0.161650       61  77.0
        2015_02_BAL_OAK  0.230833       73  80.0
        2015_07_OAK_SD   0.140089       65  77.0
        2016_02_ATL_OAK  0.214282       79  79.0
        2016_03_OAK_TEN -0.034733       67  89.0
        2016_08_OAK_TB   0.162735       96  86.0
        2017_03_OAK_WAS -0.490770       52  76.0
        2017_06_LAC_OAK -0.127320       59  76.0
        2017_09_OAK_MIA  0.165508       61  77.0
        2018_02_OAK_DEN  0.082685       64  92.0
        2018_03_OAK_MIA  0.066723       78  90.0
        2018_09_OAK_SF  -0.174648       57  82.0
        2019_11_CIN_OAK -0.007404       66  76.0
MIA     2008_01_NYJ_MIA -0.093091       70  88.0
        2008_05_SD_MIA   0.181893       76  86.0
        2008_07_BAL_MIA -0.096321       65  80.0
        2008_08_BUF_MIA  0.079239       60  78.0
        2008_09_MIA_DEN  0.009402       75  77.0
        2008_10_SEA_MIA  0.047426       70  78.0
        2008_15_SF_MIA   0.050459       48  77.0
        2009_02_IND_MIA  0.144011       91  84.0
        2009_03_MIA_SD  -0.140221       69  80.0
        2009_04_BUF_MIA  0.129247       78  88.0
        2009_05_NYJ_MIA  0.268835       73  83.0
        2009_07_NO_MIA  -0.217428       80  89.0
        2009_10_TB_MIA  -0.051031       73  80.0
        2010_03_NYJ_MIA  0.072526       79  83.0
        2010_04_NE_MIA  -0.119625       78  80.0
        2010_07_PIT_MIA -0.123056       60  80.0
        2010_10_TEN_MIA  0.033198       74  79.0
        2010_13_CLE_MIA -0.221587       70  76.0
        2011_01_NE_MIA   0.119008       75  82.0
        2011_02_HOU_MIA -0.125686       63  87.0
        2011_04_MIA_SD  -0.003204       57  84.0
        2011_07_DEN_MIA -0.204008       69  77.0
        2011_10_WAS_MIA -0.048217       69  79.0
        2011_11_BUF_MIA  0.021950       58  80.0
        2011_13_OAK_MIA  0.130738       73  80.0
        2011_17_NYJ_MIA -0.113100       58  78.0
        2012_02_OAK_MIA  0.190338       74  80.0
        2012_03_NYJ_MIA -0.006614       86  83.0
        2012_06_STL_MIA -0.119022       57  84.0
        2012_10_TEN_MIA -0.434933       60  78.0
        2012_13_NE_MIA  -0.170841       63  77.0
        2012_15_JAX_MIA  0.147824       71  80.0
        2013_03_ATL_MIA -0.020927       55  89.0
        2013_05_BAL_MIA -0.133771       58  87.0
        2013_07_BUF_MIA -0.139828       67  87.0
        2013_09_CIN_MIA -0.026441       63  79.0
        2013_11_SD_MIA   0.100466       66  81.0
        2013_12_CAR_MIA -0.124687       66  82.0
        2013_15_NE_MIA   0.164595       64  84.0
        2013_17_NYJ_MIA -0.159686       63  79.0
        2014_01_NE_MIA  -0.012756       74  89.0
        2014_03_KC_MIA  -0.231607       71  88.0
        2014_06_GB_MIA   0.039585       61  86.0
        2014_08_MIA_JAX -0.016678       61  76.0
        2014_14_BAL_MIA -0.110542       63  76.0
        2014_16_MIN_MIA  0.296272       81  80.0
        2014_17_NYJ_MIA  0.011739       73  80.0
        2015_02_MIA_JAX  0.081554       68  87.0
        2015_03_BUF_MIA -0.153143       77  87.0
        2015_07_HOU_MIA  0.213091       60  84.0
        2015_13_BAL_MIA -0.215793       49  80.0
        2015_14_NYG_MIA -0.014093       70  77.0
        2015_16_IND_MIA -0.020817       73  82.0
        2015_17_NE_MIA   0.038132       76  80.0
        2016_02_MIA_NE   0.056823       64  79.0
        2016_03_CLE_MIA -0.096347       68  86.0
        2016_05_TEN_MIA -0.272907       44  88.0
        2016_06_PIT_MIA  0.215182       70  81.0
        2016_07_BUF_MIA  0.147027       74  81.0
        2016_09_NYJ_MIA  0.020950       65  80.0
        2016_10_MIA_SD   0.226522       50  85.0
        2016_12_SF_MIA   0.180744       60  79.0
        2016_14_ARI_MIA -0.163609       63  77.0
        2016_17_NE_MIA  -0.188032       61  80.0
        2017_03_MIA_NYJ -0.293383       67  88.0
        2017_05_TEN_MIA -0.387795       60  89.0
        2017_07_NYJ_MIA -0.012488       75  86.0
        2017_09_OAK_MIA  0.036609       69  77.0
        2017_11_TB_MIA  -0.129741       70  81.0
        2017_13_DEN_MIA -0.290581       68  80.0
        2018_01_TEN_MIA -0.094935       61  89.0
        2018_02_MIA_NYJ -0.091230       57  80.0
        2018_03_OAK_MIA  0.245113       45  90.0
        2018_05_MIA_CIN -0.247623       64  87.0
        2018_06_CHI_MIA  0.017921       80  89.0
        2018_07_DET_MIA  0.104337       58  89.0
        2018_09_NYJ_MIA -0.324970       56  87.0
        2018_13_BUF_MIA -0.067925       53  86.0
        2018_14_NE_MIA   0.400627       49  82.0
        2019_01_BAL_MIA -0.265046       51  91.0
        2019_02_NE_MIA  -0.727912       62  87.0
        2019_04_LAC_MIA -0.094081       52  88.0
        2019_06_WAS_MIA -0.171894       76  84.0
        2019_09_NYJ_MIA  0.105463       67  85.0
        2019_16_CIN_MIA  0.227575       87  76.0
MIN     2008_04_MIN_TEN -0.136288       77  78.0
        2014_04_ATL_MIN  0.265856       79  82.0
        2014_08_MIN_TB  -0.019782       69  77.0
        2014_16_MIN_MIA  0.187012       59  80.0
        2016_01_MIN_TEN -0.003949       62  76.0
        2016_03_MIN_CAR -0.086922       53  80.0
        2017_02_MIN_PIT -0.222729       68  78.0
        2018_02_MIN_GB   0.163304       73  80.0
        2018_05_MIN_PHI  0.076680       61  79.0
NE      2008_02_NE_NYJ   0.012379       70  90.0
        2010_02_NE_NYJ   0.060666       64  81.0
        2010_04_NE_MIA   0.134815       60  80.0
        2011_01_NE_MIA   0.317495       80  82.0
        2011_03_NE_BUF   0.094320       75  78.0
        2011_05_NYJ_NE   0.135470       81  82.0
        2012_13_NE_MIA   0.076628       81  77.0
        2013_15_NE_MIA   0.188473       80  84.0
        2014_01_NE_MIA  -0.144444       86  89.0
        2014_03_OAK_NE  -0.000741       73  78.0
        2014_04_NE_KC   -0.210682       50  82.0
        2015_17_NE_MIA  -0.129342       63  80.0
        2016_02_MIA_NE   0.153773       80  79.0
        2016_17_NE_MIA   0.264739       68  80.0
        2017_03_HOU_NE   0.126487       66  84.0
        2017_05_NE_TB   -0.000201       75  76.0
        2018_02_NE_JAX  -0.110670       62  97.0
        2018_14_NE_MIA   0.215393       82  82.0
        2019_02_NE_MIA   0.168744       70  87.0
        2019_03_NYJ_NE  -0.041408       77  81.0
NO      2008_02_NO_WAS  -0.101504       60  90.0
        2009_07_NO_MIA   0.016883       80  89.0
        2009_11_NO_TB    0.262872       66  79.0
        2010_06_NO_TB    0.369874       73  81.0
        2011_06_NO_TB   -0.010654       70  84.0
        2012_07_NO_TB    0.357988       66  77.0
        2013_02_NO_TB   -0.098749       75  93.0
        2014_17_NO_TB    0.068995       63  79.0
        2015_14_NO_TB    0.123918       84  81.0
        2016_02_NO_NYG  -0.093621       65  80.0
        2016_14_NO_TB   -0.158907       65  79.0
        2017_03_NO_CAR   0.256093       58  82.0
        2019_02_NO_LA   -0.248564       65  85.0
        2019_06_NO_JAX   0.013937       64  81.0
NYG     2008_01_WAS_NYG  0.029423       77  85.0
        2008_03_CIN_NYG  0.124065       77  76.0
        2009_01_WAS_NYG -0.028417       69  80.0
        2009_03_NYG_TB   0.198538       81  88.0
        2011_01_NYG_WAS -0.116993       58  87.0
        2011_03_NYG_PHI  0.312327       50  76.0
        2011_05_SEA_NYG -0.189581       75  81.0
        2012_01_DAL_NYG  0.015253       56  77.0
        2015_09_NYG_TB  -0.008936       78  80.0
        2015_14_NYG_MIA  0.225481       66  77.0
        2016_02_NO_NYG  -0.087812       75  80.0
        2017_03_NYG_PHI  0.034976       73  89.0
        2017_04_NYG_TB   0.076738       81  91.0
        2017_05_LAC_NYG -0.094629       72  76.0
        2018_05_NYG_CAR  0.067520       57  80.0
        2019_02_BUF_NYG -0.081490       70  79.0
        2019_03_NYG_TB   0.109284       65  88.0
        2019_04_WAS_NYG -0.056308       75  77.0
NYJ     2008_01_NYJ_MIA  0.126952       64  88.0
        2008_02_NE_NYJ  -0.054988       53  90.0
        2009_05_NYJ_MIA  0.243023       64  83.0
        2010_02_NE_NYJ   0.170570       73  81.0
        2010_03_NYJ_MIA  0.276354       65  83.0
        2011_05_NYJ_NE   0.076866       53  82.0
        2011_17_NYJ_MIA -0.066610       72  78.0
        2012_03_NYJ_MIA -0.056999       85  83.0
        2013_01_TB_NYJ  -0.122827       76  82.0
        2013_17_NYJ_MIA  0.112215       70  79.0
        2014_01_OAK_NYJ -0.074404       71  76.0
        2014_04_DET_NYJ -0.095317       69  80.0
        2014_05_NYJ_SD  -0.424349       61  91.0
        2014_17_NYJ_MIA  0.260313       63  80.0
        2015_01_CLE_NYJ  0.092584       61  77.0
        2016_01_CIN_NYJ  0.044010       71  79.0
        2016_09_NYJ_MIA  0.072184       61  80.0
        2017_03_MIA_NYJ -0.034814       66  88.0
        2017_07_NYJ_MIA -0.000066       57  86.0
        2017_10_NYJ_TB  -0.215743       69  79.0
        2018_02_MIA_NYJ -0.255492       68  80.0
        2018_03_NYJ_CLE -0.164184       66  83.0
        2018_04_NYJ_JAX -0.258466       56  86.0
        2018_05_DEN_NYJ  0.180011       61  77.0
        2018_09_NYJ_MIA -0.318318       68  87.0
        2019_01_BUF_NYJ -0.122514       72  77.0
        2019_03_NYJ_NE  -0.584376       51  81.0
        2019_09_NYJ_MIA -0.055468       69  85.0
PHI     2008_01_STL_PHI  0.344355       76  80.0
        2008_02_PHI_DAL  0.124758       71  76.0
        2008_03_PIT_PHI -0.205291       65  79.0
        2009_01_PHI_CAR -0.117641       71  82.0
        2010_03_PHI_JAX  0.190214       59  89.0
        2010_07_PHI_TEN -0.175352       77  78.0
        2011_03_NYG_PHI -0.017491       79  76.0
        2013_01_PHI_WAS -0.042594       82  80.0
        2013_04_PHI_DEN  0.163083       72  76.0
        2013_06_PHI_TB   0.225529       67  82.0
        2014_03_WAS_PHI  0.112919       72  79.0
        2015_02_DAL_PHI -0.316636       61  77.0
        2016_01_CLE_PHI  0.026190       81  85.0
        2016_02_PHI_CHI  0.030626       70  84.0
        2017_03_NYG_PHI  0.042758       78  89.0
        2017_05_ARI_PHI  0.196818       67  77.0
        2017_14_PHI_LA   0.200626       94  83.0
        2018_01_ATL_PHI -0.064459       74  81.0
        2018_02_PHI_TB  -0.009385       79  91.0
        2018_04_PHI_TEN  0.037370       79  80.0
        2018_05_MIN_PHI -0.096225       63  79.0
        2019_01_WAS_PHI  0.209477       74  79.0
        2019_03_DET_PHI -0.060344       76  84.0
PIT     2008_02_PIT_CLE -0.078062       67  80.0
        2008_03_PIT_PHI -0.298189       71  79.0
        2010_02_PIT_TEN -0.373834       63  87.0
        2010_03_PIT_TB   0.291897       48  90.0
        2010_07_PIT_MIA  0.071025       61  80.0
        2012_01_PIT_DEN -0.035894       80  85.0
        2014_02_PIT_BAL -0.189597       60  82.0
        2014_03_PIT_CAR  0.301280       71  79.0
        2015_05_PIT_SD   0.031138       56  93.0
        2016_01_PIT_WAS  0.256404       68  79.0
        2016_06_PIT_MIA -0.053174       56  81.0
        2017_02_MIN_PIT  0.074789       77  78.0
        2017_03_PIT_CHI -0.138508       66  89.0
        2017_07_CIN_PIT  0.123908       70  79.0
        2018_02_KC_PIT   0.239797       84  80.0
        2018_03_PIT_TB   0.113691       65  77.0
        2018_05_ATL_PIT  0.317662       61  83.0
        2019_02_SEA_PIT -0.043118       57  81.0
        2019_03_PIT_SF  -0.231437       53  79.0
        2019_04_CIN_PIT  0.073915       56  76.0
SEA     2008_10_SEA_MIA -0.007975       72  78.0
        2010_02_SEA_DEN  0.068031       60  91.0
        2011_05_SEA_NYG -0.051133       80  81.0
        2012_07_SEA_SF  -0.066680       57  80.0
        2013_01_SEA_CAR  0.055896       63  87.0
        2014_02_SEA_SD   0.131490       43  94.0
        2014_08_SEA_CAR -0.016045       62  77.0
        2016_02_SEA_LA  -0.098188       69  88.0
        2016_12_SEA_TB  -0.293544       63  81.0
        2017_03_SEA_TEN  0.080784       74  88.0
        2017_05_SEA_LA  -0.233228       68  78.0
        2018_01_SEA_DEN -0.093671       60  84.0
        2018_02_SEA_CHI -0.259679       65  79.0
        2019_02_SEA_PIT  0.070866       76  81.0
        2019_10_SEA_SF  -0.291361       74  77.0
SF      2008_15_SF_MIA   0.017068       82  77.0
        2012_07_SEA_SF   0.024946       58  80.0
        2013_05_HOU_SF   0.130222       51  76.0
        2014_02_CHI_SF  -0.144804       74  78.0
        2014_05_KC_SF    0.083832       70  85.0
        2016_02_SF_CAR  -0.252077       65  82.0
        2016_12_SF_MIA   0.062726       79  79.0
        2017_01_CAR_SF  -0.417138       61  87.0
        2018_04_SF_LAC  -0.042656       61  78.0
        2018_05_ARI_SF  -0.171464      103  79.0
        2018_09_OAK_SF   0.340533       54  82.0
        2018_12_SF_TB   -0.071456       66  77.0
        2019_01_SF_TB   -0.077634       66  93.0
        2019_02_SF_CIN   0.377985       70  81.0
        2019_03_PIT_SF  -0.132289       78  79.0
        2019_05_CLE_SF   0.169125       73  87.0
        2019_06_SF_LA   -0.064066       79  77.0
        2019_10_SEA_SF  -0.255447       86  77.0
TB      2008_02_ATL_TB  -0.046858       67  89.0
        2008_03_TB_CHI  -0.072438       92  76.0
        2008_04_GB_TB   -0.175957       79  81.0
        2008_06_CAR_TB   0.030867       64  84.0
        2008_17_OAK_TB   0.069665       63  77.0
        2009_01_DAL_TB   0.164166       80  85.0
        2009_03_NYG_TB  -0.461403       38  88.0
        2009_09_GB_TB   -0.054104       67  82.0
        2009_10_TB_MIA  -0.124178       70  80.0
        2009_11_NO_TB   -0.216685       64  79.0
        2010_01_CLE_TB  -0.197389       69  87.0
        2010_02_TB_CAR   0.061678       68  89.0
        2010_03_PIT_TB  -0.201746       66  90.0
        2010_05_TB_CIN   0.076331       66  81.0
        2010_06_NO_TB   -0.013030       71  81.0
        2010_07_STL_TB  -0.029623       79  84.0
        2011_01_DET_TB  -0.058570       65  86.0
        2011_03_ATL_TB  -0.096356       68  89.0
        2011_04_IND_TB   0.074119       85  80.0
        2011_06_NO_TB    0.071365       69  84.0
        2011_10_HOU_TB  -0.427749       62  77.0
        2011_13_CAR_TB  -0.080002       58  79.0
        2012_01_CAR_TB  -0.068780       63  83.0
        2012_04_WAS_TB  -0.006987       62  89.0
        2012_06_KC_TB    0.306843       53  85.0
        2012_07_NO_TB    0.247900       75  77.0
        2012_10_SD_TB    0.197453       43  80.0
        2013_01_TB_NYJ  -0.118001       67  82.0
        2013_02_NO_TB   -0.152756       61  93.0
        2013_04_ARI_TB  -0.210683       80  84.0
        2013_06_PHI_TB  -0.052223       73  82.0
        2013_11_ATL_TB   0.146831       70  79.0
        2013_14_BUF_TB  -0.179875       68  82.0
        2014_01_CAR_TB  -0.135763       57  88.0
        2014_02_STL_TB   0.112293       54  88.0
        2014_06_BAL_TB  -0.093406       73  84.0
        2014_08_MIN_TB  -0.269685       62  77.0
        2014_13_CIN_TB  -0.197984       69  77.0
        2014_17_NO_TB   -0.013618       66  79.0
        2015_01_TEN_TB  -0.279472       73  84.0
        2015_05_JAX_TB   0.120024       67  84.0
        2015_09_NYG_TB  -0.172811       64  80.0
        2015_10_DAL_TB  -0.030310       74  79.0
        2015_13_ATL_TB   0.047517       71  79.0
        2015_14_NO_TB    0.091839       54  81.0
        2015_16_CHI_TB  -0.016011       54  83.0
        2016_03_LA_TB   -0.066026       92  91.0
        2016_04_DEN_TB  -0.324809       72  88.0
        2016_08_OAK_TB   0.026715       71  86.0
        2016_09_ATL_TB   0.035462       81  76.0
        2016_10_CHI_TB   0.035403       78  81.0
        2016_12_SEA_TB  -0.088870       66  81.0
        2016_14_NO_TB   -0.014301       67  79.0
        2016_17_CAR_TB  -0.185371       65  81.0
        2017_02_CHI_TB   0.022901       70  88.0
        2017_04_NYG_TB   0.091569       61  91.0
        2017_05_NE_TB    0.030889       73  76.0
        2017_10_NYJ_TB  -0.127063       72  79.0
        2017_11_TB_MIA  -0.001060       67  81.0
        2018_02_PHI_TB   0.091784       59  91.0
        2018_03_PIT_TB  -0.132997       77  77.0
        2018_07_CLE_TB  -0.053747       98  79.0
        2018_10_WAS_TB  -0.105873       72  82.0
        2018_12_SF_TB    0.142059       73  77.0
        2018_13_CAR_TB  -0.048731       67  81.0
        2018_17_ATL_TB   0.161508       61  80.0
        2019_01_SF_TB   -0.309345       70  93.0
        2019_02_TB_CAR  -0.034318       63  85.0
        2019_03_NYG_TB   0.139528       76  88.0
        2019_10_ARI_TB   0.042239       86  77.0
        2019_14_IND_TB   0.036674       75  78.0
        2019_17_ATL_TB  -0.249836       53  78.0
TEN     2008_01_JAX_TEN -0.124331       69  78.0
        2008_02_TEN_CIN -0.067362       71  88.0
        2008_03_HOU_TEN -0.030452       67  80.0
        2008_04_MIN_TEN -0.038480       75  78.0
        2009_02_HOU_TEN  0.070844       70  77.0
        2009_04_TEN_JAX  0.005496       73  79.0
        2010_01_OAK_TEN  0.092140       61  77.0
        2010_02_PIT_TEN -0.407604       72  87.0
        2010_07_PHI_TEN  0.014111       75  78.0
        2010_10_TEN_MIA -0.121190       69  79.0
        2011_01_TEN_JAX  0.055993       52  87.0
        2011_02_BAL_TEN  0.066083       74  76.0
        2012_02_TEN_SD  -0.253626       42  85.0
        2012_10_TEN_MIA  0.138782       60  78.0
        2013_16_TEN_JAX  0.098927       71  79.0
        2015_01_TEN_TB   0.255566       55  84.0
        2016_01_MIN_TEN -0.260902       69  76.0
        2016_03_OAK_TEN -0.159894       70  89.0
        2016_05_TEN_MIA  0.168602       74  88.0
        2016_09_TEN_SD   0.034910       66  76.0
        2017_02_TEN_JAX  0.132871       68  84.0
        2017_03_SEA_TEN  0.088870       73  88.0
        2017_05_TEN_MIA -0.426404       66  89.0
        2018_01_TEN_MIA -0.257701       71  89.0
        2018_02_HOU_TEN  0.022144       62  81.0
        2018_03_TEN_JAX -0.094270       65  89.0
        2018_04_PHI_TEN  0.117753       72  80.0
        2019_02_IND_TEN -0.053359       58  93.0
        2019_05_BUF_TEN -0.093943       62  77.0
        2019_07_LAC_TEN  0.139314       64  77.0
WAS     2008_01_WAS_NYG -0.124025       58  85.0
        2008_02_NO_WAS   0.200669       77  90.0
        2008_04_WAS_DAL  0.127867       75  85.0
        2009_01_WAS_NYG -0.112992       53  80.0
        2010_02_HOU_WAS  0.187634       64  85.0
        2011_01_NYG_WAS -0.043627       67  87.0
        2011_10_WAS_MIA -0.190893       55  79.0
        2012_04_WAS_TB   0.250475       75  89.0
        2013_01_PHI_WAS -0.074394       77  80.0
        2013_04_WAS_OAK -0.067367       67  77.0
        2014_03_WAS_PHI  0.211183       80  79.0
        2016_01_PIT_WAS -0.061173       63  79.0
        2016_02_DAL_WAS  0.035632       69  81.0
        2017_03_OAK_WAS  0.036300       71  76.0
        2017_04_WAS_KC   0.087872       50  82.0
        2017_14_WAS_LAC -0.283899       51  81.0
        2018_10_WAS_TB   0.029522       60  82.0
        2019_01_WAS_PHI  0.171277       67  79.0
        2019_02_DAL_WAS  0.066885       61  80.0
        2019_03_CHI_WAS -0.230331       77  87.0
        2019_04_WAS_NYG -0.556660       51  77.0
        2019_06_WAS_MIA  0.008218       58  84.0